x       = 0.270000 m
y        = 0.000000 m
z        = 0.030000 m
roll     = 3.141593 rad
pitch   = 0.000000 rad
heading = -1.570796 rad
